29
0 6 10 10 4 4 4 2 2 26 2 6 6 6 4 4 12 13 4 6 12 11 3 5 4 3 18 9 16 
6 0 8 8 6 6 6 5 5 48 6 0 0 0 6 3 10 16 6 0 18 7 8 11 6 8 23 6 13 
11 8 0 0 11 11 11 10 10 42 10 8 8 8 11 7 10 21 11 8 23 3 9 14 11 9 25 2 7 
11 8 0 0 11 11 11 10 10 42 10 8 8 8 11 7 10 21 11 8 23 3 9 14 11 9 25 2 7 
3 6 11 11 0 0 0 2 2 50 2 6 6 6 3 4 12 12 0 6 12 10 5 5 0 5 18 9 17 
3 6 11 11 0 0 0 2 2 50 2 6 6 6 3 4 12 12 0 6 12 10 5 5 0 5 18 9 17 
3 6 11 11 0 0 0 2 2 50 2 6 6 6 3 4 12 12 0 6 12 10 5 5 0 5 18 9 17 
2 5 9 9 2 2 2 0 0 49 1 5 5 5 4 2 11 14 2 5 14 9 4 6 2 4 19 8 16 
2 5 9 9 2 2 2 0 0 49 1 5 5 5 4 2 11 14 2 5 14 9 4 6 2 4 19 8 16 
52 50 44 44 52 52 52 52 52 0 51 50 50 50 52 51 52 34 52 50 30 45 31 30 52 31 23 43 41 
4 4 8 8 4 4 4 3 3 50 0 4 4 4 5 2 11 17 4 4 15 9 4 8 4 4 21 7 14 
6 0 8 8 6 6 6 5 5 48 6 0 0 0 6 3 10 16 6 0 18 7 8 11 6 8 23 6 13 
6 0 8 8 6 6 6 5 5 48 6 0 0 0 6 3 10 16 6 0 18 7 8 11 6 8 23 6 13 
6 0 8 8 6 6 6 5 5 48 6 0 0 0 6 3 10 16 6 0 18 7 8 11 6 8 23 6 13 
5 6 11 11 3 3 3 4 4 50 3 6 6 6 0 5 12 10 3 6 11 10 6 5 3 7 18 10 17 
3 3 7 7 3 3 3 3 3 49 3 3 3 3 4 0 10 15 3 3 14 8 6 8 3 6 20 6 13 
12 9 8 8 12 12 12 11 11 46 11 9 9 9 12 11 0 16 12 9 18 6 14 17 12 14 29 9 6 
17 21 25 25 15 15 15 16 16 31 16 21 21 21 14 17 20 0 15 21 7 23 17 12 15 17 20 26 25 
3 6 11 11 0 0 0 2 2 50 2 6 6 6 3 4 12 12 0 6 12 10 5 5 0 5 18 9 17 
6 0 8 8 6 6 6 5 5 48 6 0 0 0 6 3 10 16 6 0 18 7 8 11 6 8 23 6 13 
12 14 24 24 10 10 10 11 11 24 11 14 14 14 9 12 20 7 10 14 0 22 12 7 10 12 14 18 25 
10 7 3 3 10 10 10 10 10 44 9 7 7 7 10 8 8 19 10 7 21 0 10 15 10 10 26 3 9 
4 8 9 9 5 5 5 3 3 25 4 8 8 8 6 5 13 14 5 8 14 10 0 6 5 1 16 8 15 
6 11 15 15 5 5 5 6 6 22 7 11 11 11 5 8 17 10 5 11 9 15 6 0 5 7 14 13 22 
3 6 11 11 0 0 0 2 2 50 2 6 6 6 3 4 12 12 0 6 12 10 5 5 0 5 18 9 17 
5 8 9 9 5 5 5 4 4 25 4 8 8 8 7 6 14 14 5 8 14 10 1 6 5 0 17 8 15 
20 23 25 25 17 17 17 19 19 15 19 23 23 23 19 20 29 19 17 23 15 26 16 13 17 16 0 24 53 
9 6 2 2 9 9 9 8 8 42 9 6 6 6 10 6 11 22 9 6 24 3 8 13 9 8 24 0 8 
17 13 7 7 17 17 17 17 17 40 16 13 13 13 17 13 8 22 17 13 24 9 15 22 17 15 53 8 0 
48 46 33 33 48 48 48 47 47 61 47 46 46 46 48 47 31 51 48 46 50 35 50 53 48 50 74 34 27  51 48 46 50 35 50 53 48 50 74 34 27 
