29
0 3919 6294 6294 2073 2073 2073 942 942 17229 1266 3919 3919 3919 2530 2097 7513 8326 2073 3919 7962 6759 1548 3133 2073 1590 11449 5478 10241 
3639 0 4681 4681 3700 3700 3700 2957 2957 31902 3607 0 0 0 3925 1440 6231 10104 3700 0 11427 4497 5175 6773 3700 5217 15075 3865 8627 
6701 4681 0 0 6715 6715 6715 6075 6075 27815 6476 4681 4681 4681 7320 4454 6098 13762 6715 4681 15084 1685 5953 9240 6715 5901 16507 816 4152
6701 4681 0 0 6715 6715 6715 6075 6075 27815 6476 4681 4681 4681 7320 4454 6098 13762 6715 4681 15084 1685 5953 9240 6715 5901 16507 816 4152
1649 3894 6739 6739 0 0 0 917 917 33161 1241 3894 3894 3894 1539 2072 7489 7895 0 3894 7531 6437 3185 3117 0 3227 11375 5923 10994 
1649 3894 6739 6739 0 0 0 917 917 33161 1241 3894 3894 3894 1539 2072 7489 7895 0 3894 7531 6437 3185 3117 0 3227 11375 5923 10994
1649 3894 6739 6739 0 0 0 917 917 33161 1241 3894 3894 3894 1539 2072 7489 7895 0 3894 7531 6437 3185 3117 0 3227 11375 5923 10994
832 3124 5914 5914 997 997 997 0 0 32391 471 3124 3124 3124 2393 1303 6719 9158 997 3124 8794 5668 2367 3965 997 2410 12268 5098 10224
832 3124 5914 5914 997 997 997 0 0 32391 471 3124 3124 3124 2393 1303 6719 9158 997 3124 8794 5668 2367 3965 997 2410 12268 5098 10224
34407 33086 28675 28675 34405 34405 34405 34136 34136 0 33809 33086 33086 33086 34211 33798 34055 22378 34405 33086 19502 29964 20071 19531 34405 20097 14928 28534 26776
2130 2164 5178 5178 2295 2295 2295 1358 1358 32693 0 2164 2164 2164 2997 715 7021 10895 2295 2164 9398 5642 2629 5263 2295 2508 13565 4362 9124
3639 0 4681 4681 3700 3700 3700 2957 2957 31902 3607 0 0 0 3925 1440 6231 10104 3700 0 11427 4497 5175 6773 3700 5217 15075 3865 8627
3639 0 4681 4681 3700 3700 3700 2957 2957 31902 3607 0 0 0 3925 1440 6231 10104 3700 0 11427 4497 5175 6773 3700 5217 15075 3865 8627
3639 0 4681 4681 3700 3700 3700 2957 2957 31902 3607 0 0 0 3925 1440 6231 10104 3700 0 11427 4497 5175 6773 3700 5217 15075 3865 8627
3045 3661 7293 7293 1539 1539 1539 2313 2313 32928 1853 3661 3661 3661 0 2684 7613 6253 1539 3661 7021 6204 3959 3307 1539 4001 11565 6477 11118
1883 1440 4454 4454 1944 1944 1944 1508 1508 32333 1674 1440 1440 1440 2575 0 6662 9340 1944 1440 8976 4918 3418 5016 1944 3460 13318 3638 8400
7537 5600 5162 5162 7535 7535 7535 7266 7266 30231 6939 5600 5600 5600 7341 6928 0 10589 7535 5600 11911 3734 9072 10670 7535 9114 18972 5772 3505
11251 13485 16230 16230 9746 9746 9746 10520 10520 20388 10469 13485 13485 13485 9152 11300 13016 0 9746 13485 4513 14802 11041 7337 9746 11083 13295 16840 16521
1649 3894 6739 6739 0 0 0 917 917 33161 1241 3894 3894 3894 1539 2072 7489 7895 0 3894 7531 6437 3185 3117 0 3227 11375 5923 10994
3639 0 4681 4681 3700 3700 3700 2957 2957 31902 3607 0 0 0 3925 1440 6231 10104 3700 0 11427 4497 5175 6773 3700 5217 15075 3865 8627
7714 9216 15932 15932 6208 6208 6208 6982 6982 15956 6931 9216 9216 9216 5614 7763 12719 4465 6208 9216 0 14504 7930 4268 6208 7972 9230 11613 16224
6540 4288 1810 1810 6538 6538 6538 6481 6481 29225 5942 4288 4288 4288 6260 4860 4812 12476 6538 4288 13798 0 6359 9645 6538 6307 16913 1973 5562
2394 4822 5949 5949 2695 2695 2695 1846 1846 16436 2169 4822 4822 4822 3512 3001 8417 9308 2695 4822 8944 6413 0 3388 2695 244 10655 5133 9895
3924 6978 9354 9354 3111 3111 3111 3657 3657 14513 4325 6978 6978 6978 3269 5157 11076 6003 3111 6978 5605 9818 3961 0 3111 4004 8732 8538 14581
1649 3894 6739 6739 0 0 0 917 917 33161 1241 3894 3894 3894 1539 2072 7489 7895 0 3894 7531 6437 3185 3117 0 3227 11375 5923 10994
2885 5313 5897 5897 3186 3186 3186 2336 2336 16478 2660 5313 5313 5313 4003 3491 8907 9291 3186 5313 8926 6361 244 3430 3186 0 10697 5081 9843
12672 15100 16227 16227 11276 11276 11276 12123 12123 9694 12447 15100 15100 15100 12306 13278 18695 12447 11276 15100 9571 16691 10529 8638 11276 10555 0 15411 35111
5885 3865 816 816 5899 5899 5899 5259 5259 27686 5660 3865 3865 3865 6503 3638 6708 14372 5899 3865 15695 1848 5137 8424 5899 5085 15691 0 4762
11009 8612 4136 4136 11007 11007 11007 10738 10738 26067 10411 8612 8612 8612 10813 8385 5313 14061 11007 8612 15383 5424 9883 14142 11007 9832 35069 4746 0
